500
##start
start 0 1
##end
end 1 0
0 0 0
1 1 1
2 2 2
3 3 3
4 4 4
5 5 5
6 6 6
7 7 7
8 8 8
9 9 9
10 10 10
11 11 11
12 12 12
13 13 13
14 14 14
15 15 15
16 16 16
17 17 17
18 18 18
19 19 19
20 20 20
21 21 21
22 22 22
23 23 23
24 24 24
25 25 25
26 26 26
27 27 27
28 28 28
29 29 29
30 30 30
31 31 31
32 32 32
33 33 33
34 34 34
35 35 35
36 36 36
37 37 37
38 38 38
39 39 39
40 40 40
41 41 41
42 42 42
43 43 43
44 44 44
45 45 45
46 46 46
47 47 47
48 48 48
49 49 49
50 50 50
51 51 51
52 52 52
53 53 53
54 54 54
55 55 55
56 56 56
57 57 57
58 58 58
59 59 59
60 60 60
61 61 61
62 62 62
63 63 63
64 64 64
65 65 65
66 66 66
67 67 67
68 68 68
69 69 69
70 70 70
71 71 71
72 72 72
73 73 73
74 74 74
75 75 75
76 76 76
77 77 77
78 78 78
79 79 79
80 80 80
81 81 81
82 82 82
83 83 83
84 84 84
85 85 85
86 86 86
87 87 87
88 88 88
89 89 89
90 90 90
91 91 91
92 92 92
93 93 93
94 94 94
95 95 95
96 96 96
97 97 97
98 98 98
99 99 99
100 100 100
101 101 101
102 102 102
103 103 103
104 104 104
105 105 105
106 106 106
107 107 107
108 108 108
109 109 109
110 110 110
111 111 111
112 112 112
113 113 113
114 114 114
115 115 115
116 116 116
117 117 117
118 118 118
119 119 119
120 120 120
121 121 121
122 122 122
123 123 123
124 124 124
125 125 125
126 126 126
127 127 127
128 128 128
129 129 129
130 130 130
131 131 131
132 132 132
133 133 133
134 134 134
135 135 135
136 136 136
137 137 137
138 138 138
139 139 139
140 140 140
141 141 141
142 142 142
143 143 143
144 144 144
145 145 145
146 146 146
147 147 147
148 148 148
149 149 149
150 150 150
151 151 151
152 152 152
153 153 153
154 154 154
155 155 155
156 156 156
157 157 157
158 158 158
159 159 159
160 160 160
161 161 161
162 162 162
163 163 163
164 164 164
165 165 165
166 166 166
167 167 167
168 168 168
169 169 169
170 170 170
171 171 171
172 172 172
173 173 173
174 174 174
175 175 175
176 176 176
177 177 177
178 178 178
179 179 179
180 180 180
181 181 181
182 182 182
183 183 183
184 184 184
185 185 185
186 186 186
187 187 187
188 188 188
189 189 189
190 190 190
191 191 191
192 192 192
193 193 193
194 194 194
195 195 195
196 196 196
197 197 197
198 198 198
199 199 199
200 200 200
201 201 201
202 202 202
203 203 203
204 204 204
205 205 205
206 206 206
207 207 207
208 208 208
209 209 209
210 210 210
211 211 211
212 212 212
213 213 213
214 214 214
215 215 215
216 216 216
217 217 217
218 218 218
219 219 219
220 220 220
221 221 221
222 222 222
223 223 223
224 224 224
225 225 225
226 226 226
227 227 227
228 228 228
229 229 229
230 230 230
231 231 231
232 232 232
233 233 233
234 234 234
235 235 235
236 236 236
237 237 237
238 238 238
239 239 239
240 240 240
241 241 241
242 242 242
243 243 243
244 244 244
245 245 245
246 246 246
247 247 247
248 248 248
249 249 249
250 250 250
251 251 251
252 252 252
253 253 253
254 254 254
255 255 255
256 256 256
257 257 257
258 258 258
259 259 259
260 260 260
261 261 261
262 262 262
263 263 263
264 264 264
265 265 265
266 266 266
267 267 267
268 268 268
269 269 269
270 270 270
271 271 271
272 272 272
273 273 273
274 274 274
275 275 275
276 276 276
277 277 277
278 278 278
279 279 279
280 280 280
281 281 281
282 282 282
283 283 283
284 284 284
285 285 285
286 286 286
287 287 287
288 288 288
289 289 289
290 290 290
291 291 291
292 292 292
293 293 293
294 294 294
295 295 295
296 296 296
297 297 297
298 298 298
299 299 299
300 300 300
301 301 301
302 302 302
303 303 303
304 304 304
305 305 305
306 306 306
307 307 307
308 308 308
309 309 309
310 310 310
311 311 311
312 312 312
313 313 313
314 314 314
315 315 315
316 316 316
317 317 317
318 318 318
319 319 319
320 320 320
321 321 321
322 322 322
323 323 323
324 324 324
325 325 325
326 326 326
327 327 327
328 328 328
329 329 329
330 330 330
331 331 331
332 332 332
333 333 333
334 334 334
335 335 335
336 336 336
337 337 337
338 338 338
339 339 339
340 340 340
341 341 341
342 342 342
343 343 343
344 344 344
345 345 345
346 346 346
347 347 347
348 348 348
349 349 349
350 350 350
351 351 351
352 352 352
353 353 353
354 354 354
355 355 355
356 356 356
357 357 357
358 358 358
359 359 359
360 360 360
361 361 361
362 362 362
363 363 363
364 364 364
365 365 365
366 366 366
367 367 367
368 368 368
369 369 369
370 370 370
371 371 371
372 372 372
373 373 373
374 374 374
375 375 375
376 376 376
377 377 377
378 378 378
379 379 379
380 380 380
381 381 381
382 382 382
383 383 383
384 384 384
385 385 385
386 386 386
387 387 387
388 388 388
389 389 389
390 390 390
391 391 391
392 392 392
393 393 393
394 394 394
395 395 395
396 396 396
397 397 397
398 398 398
399 399 399
400 400 400
401 401 401
402 402 402
403 403 403
404 404 404
405 405 405
406 406 406
407 407 407
408 408 408
409 409 409
410 410 410
411 411 411
412 412 412
413 413 413
414 414 414
415 415 415
416 416 416
417 417 417
418 418 418
419 419 419
420 420 420
421 421 421
422 422 422
423 423 423
424 424 424
425 425 425
426 426 426
427 427 427
428 428 428
429 429 429
430 430 430
431 431 431
432 432 432
433 433 433
434 434 434
435 435 435
436 436 436
437 437 437
438 438 438
439 439 439
440 440 440
441 441 441
442 442 442
443 443 443
444 444 444
445 445 445
446 446 446
447 447 447
448 448 448
449 449 449
450 450 450
451 451 451
452 452 452
453 453 453
454 454 454
455 455 455
456 456 456
457 457 457
458 458 458
459 459 459
460 460 460
461 461 461
462 462 462
463 463 463
464 464 464
465 465 465
466 466 466
467 467 467
468 468 468
469 469 469
470 470 470
471 471 471
472 472 472
473 473 473
474 474 474
475 475 475
476 476 476
477 477 477
478 478 478
479 479 479
480 480 480
481 481 481
482 482 482
483 483 483
484 484 484
485 485 485
486 486 486
487 487 487
488 488 488
489 489 489
490 490 490
491 491 491
492 492 492
493 493 493
494 494 494
495 495 495
496 496 496
497 497 497
498 498 498
499 499 499
500 500 500
501 501 501
502 502 502
503 503 503
504 504 504
505 505 505
506 506 506
507 507 507
508 508 508
509 509 509
510 510 510
511 511 511
512 512 512
513 513 513
514 514 514
515 515 515
516 516 516
517 517 517
518 518 518
519 519 519
520 520 520
521 521 521
522 522 522
523 523 523
524 524 524
525 525 525
526 526 526
527 527 527
528 528 528
529 529 529
530 530 530
531 531 531
532 532 532
533 533 533
534 534 534
535 535 535
536 536 536
537 537 537
538 538 538
539 539 539
540 540 540
541 541 541
542 542 542
543 543 543
544 544 544
545 545 545
546 546 546
547 547 547
548 548 548
549 549 549
550 550 550
551 551 551
552 552 552
553 553 553
554 554 554
555 555 555
556 556 556
557 557 557
558 558 558
559 559 559
560 560 560
561 561 561
562 562 562
563 563 563
564 564 564
565 565 565
566 566 566
567 567 567
568 568 568
569 569 569
570 570 570
571 571 571
572 572 572
573 573 573
574 574 574
575 575 575
576 576 576
577 577 577
578 578 578
579 579 579
580 580 580
581 581 581
582 582 582
583 583 583
584 584 584
585 585 585
586 586 586
587 587 587
588 588 588
589 589 589
590 590 590
591 591 591
592 592 592
593 593 593
594 594 594
595 595 595
596 596 596
597 597 597
598 598 598
599 599 599
600 600 600
601 601 601
602 602 602
603 603 603
604 604 604
605 605 605
606 606 606
607 607 607
608 608 608
609 609 609
610 610 610
611 611 611
612 612 612
613 613 613
614 614 614
615 615 615
616 616 616
617 617 617
618 618 618
619 619 619
620 620 620
621 621 621
622 622 622
623 623 623
624 624 624
625 625 625
626 626 626
627 627 627
628 628 628
629 629 629
630 630 630
631 631 631
632 632 632
633 633 633
634 634 634
635 635 635
636 636 636
637 637 637
638 638 638
639 639 639
640 640 640
641 641 641
642 642 642
643 643 643
644 644 644
645 645 645
646 646 646
647 647 647
648 648 648
649 649 649
650 650 650
651 651 651
652 652 652
653 653 653
654 654 654
655 655 655
656 656 656
657 657 657
658 658 658
659 659 659
660 660 660
661 661 661
662 662 662
663 663 663
664 664 664
665 665 665
666 666 666
667 667 667
668 668 668
669 669 669
670 670 670
671 671 671
672 672 672
673 673 673
674 674 674
675 675 675
676 676 676
677 677 677
678 678 678
679 679 679
680 680 680
681 681 681
682 682 682
683 683 683
684 684 684
685 685 685
686 686 686
687 687 687
688 688 688
689 689 689
690 690 690
691 691 691
692 692 692
693 693 693
694 694 694
695 695 695
696 696 696
697 697 697
698 698 698
699 699 699
700 700 700
701 701 701
702 702 702
703 703 703
704 704 704
705 705 705
706 706 706
707 707 707
708 708 708
709 709 709
710 710 710
711 711 711
712 712 712
713 713 713
714 714 714
715 715 715
716 716 716
717 717 717
718 718 718
719 719 719
720 720 720
721 721 721
722 722 722
723 723 723
724 724 724
725 725 725
726 726 726
727 727 727
728 728 728
729 729 729
730 730 730
731 731 731
732 732 732
733 733 733
734 734 734
735 735 735
736 736 736
737 737 737
738 738 738
739 739 739
740 740 740
741 741 741
742 742 742
743 743 743
744 744 744
745 745 745
746 746 746
747 747 747
748 748 748
749 749 749
750 750 750
751 751 751
752 752 752
753 753 753
754 754 754
755 755 755
756 756 756
757 757 757
758 758 758
759 759 759
760 760 760
761 761 761
762 762 762
763 763 763
764 764 764
765 765 765
766 766 766
767 767 767
768 768 768
769 769 769
770 770 770
771 771 771
772 772 772
773 773 773
774 774 774
775 775 775
776 776 776
777 777 777
778 778 778
779 779 779
780 780 780
781 781 781
782 782 782
783 783 783
784 784 784
785 785 785
786 786 786
787 787 787
788 788 788
789 789 789
790 790 790
791 791 791
792 792 792
793 793 793
794 794 794
795 795 795
796 796 796
797 797 797
798 798 798
799 799 799
800 800 800
801 801 801
802 802 802
803 803 803
804 804 804
805 805 805
806 806 806
807 807 807
808 808 808
809 809 809
810 810 810
811 811 811
812 812 812
813 813 813
814 814 814
815 815 815
816 816 816
817 817 817
818 818 818
819 819 819
820 820 820
821 821 821
822 822 822
823 823 823
824 824 824
825 825 825
826 826 826
827 827 827
828 828 828
829 829 829
830 830 830
831 831 831
832 832 832
833 833 833
834 834 834
835 835 835
836 836 836
837 837 837
838 838 838
839 839 839
840 840 840
841 841 841
842 842 842
843 843 843
844 844 844
845 845 845
846 846 846
847 847 847
848 848 848
849 849 849
850 850 850
851 851 851
852 852 852
853 853 853
854 854 854
855 855 855
856 856 856
857 857 857
858 858 858
859 859 859
860 860 860
861 861 861
862 862 862
863 863 863
864 864 864
865 865 865
866 866 866
867 867 867
868 868 868
869 869 869
870 870 870
871 871 871
872 872 872
873 873 873
874 874 874
875 875 875
876 876 876
877 877 877
878 878 878
879 879 879
880 880 880
881 881 881
882 882 882
883 883 883
884 884 884
885 885 885
886 886 886
887 887 887
888 888 888
889 889 889
890 890 890
891 891 891
892 892 892
893 893 893
894 894 894
895 895 895
896 896 896
897 897 897
898 898 898
899 899 899
900 900 900
901 901 901
902 902 902
903 903 903
904 904 904
905 905 905
906 906 906
907 907 907
908 908 908
909 909 909
910 910 910
911 911 911
912 912 912
913 913 913
914 914 914
915 915 915
916 916 916
917 917 917
918 918 918
919 919 919
920 920 920
921 921 921
922 922 922
923 923 923
924 924 924
925 925 925
926 926 926
927 927 927
928 928 928
929 929 929
930 930 930
931 931 931
932 932 932
933 933 933
934 934 934
935 935 935
936 936 936
937 937 937
938 938 938
939 939 939
940 940 940
941 941 941
942 942 942
943 943 943
944 944 944
945 945 945
946 946 946
947 947 947
948 948 948
949 949 949
950 950 950
951 951 951
952 952 952
953 953 953
954 954 954
955 955 955
956 956 956
957 957 957
958 958 958
959 959 959
960 960 960
961 961 961
962 962 962
963 963 963
964 964 964
965 965 965
966 966 966
967 967 967
968 968 968
969 969 969
970 970 970
971 971 971
972 972 972
973 973 973
974 974 974
975 975 975
976 976 976
977 977 977
978 978 978
979 979 979
980 980 980
981 981 981
982 982 982
983 983 983
984 984 984
985 985 985
986 986 986
987 987 987
988 988 988
989 989 989
990 990 990
991 991 991
992 992 992
993 993 993
994 994 994
995 995 995
996 996 996
997 997 997
998 998 998
999 999 999
1000 1000 1000
1001 1001 1001
1002 1002 1002
1003 1003 1003
1004 1004 1004
1005 1005 1005
1006 1006 1006
1007 1007 1007
1008 1008 1008
1009 1009 1009
1010 1010 1010
1011 1011 1011
1012 1012 1012
1013 1013 1013
1014 1014 1014
1015 1015 1015
1016 1016 1016
1017 1017 1017
1018 1018 1018
1019 1019 1019
1020 1020 1020
1021 1021 1021
1022 1022 1022
1023 1023 1023
1024 1024 1024
1025 1025 1025
1026 1026 1026
1027 1027 1027
1028 1028 1028
1029 1029 1029
1030 1030 1030
1031 1031 1031
1032 1032 1032
1033 1033 1033
1034 1034 1034
1035 1035 1035
1036 1036 1036
1037 1037 1037
1038 1038 1038
1039 1039 1039
1040 1040 1040
1041 1041 1041
1042 1042 1042
1043 1043 1043
1044 1044 1044
1045 1045 1045
1046 1046 1046
1047 1047 1047
1048 1048 1048
1049 1049 1049
1050 1050 1050
1051 1051 1051
1052 1052 1052
1053 1053 1053
1054 1054 1054
1055 1055 1055
1056 1056 1056
1057 1057 1057
1058 1058 1058
1059 1059 1059
1060 1060 1060
1061 1061 1061
1062 1062 1062
1063 1063 1063
1064 1064 1064
1065 1065 1065
1066 1066 1066
1067 1067 1067
1068 1068 1068
1069 1069 1069
1070 1070 1070
1071 1071 1071
1072 1072 1072
1073 1073 1073
1074 1074 1074
1075 1075 1075
1076 1076 1076
1077 1077 1077
1078 1078 1078
1079 1079 1079
1080 1080 1080
1081 1081 1081
1082 1082 1082
1083 1083 1083
1084 1084 1084
1085 1085 1085
1086 1086 1086
1087 1087 1087
1088 1088 1088
1089 1089 1089
1090 1090 1090
1091 1091 1091
1092 1092 1092
1093 1093 1093
1094 1094 1094
1095 1095 1095
1096 1096 1096
1097 1097 1097
1098 1098 1098
1099 1099 1099
1100 1100 1100
1101 1101 1101
1102 1102 1102
1103 1103 1103
1104 1104 1104
1105 1105 1105
1106 1106 1106
1107 1107 1107
1108 1108 1108
1109 1109 1109
1110 1110 1110
1111 1111 1111
1112 1112 1112
1113 1113 1113
1114 1114 1114
1115 1115 1115
1116 1116 1116
1117 1117 1117
1118 1118 1118
1119 1119 1119
1120 1120 1120
1121 1121 1121
1122 1122 1122
1123 1123 1123
1124 1124 1124
1125 1125 1125
1126 1126 1126
1127 1127 1127
1128 1128 1128
1129 1129 1129
1130 1130 1130
1131 1131 1131
1132 1132 1132
1133 1133 1133
1134 1134 1134
1135 1135 1135
1136 1136 1136
1137 1137 1137
1138 1138 1138
1139 1139 1139
1140 1140 1140
1141 1141 1141
1142 1142 1142
1143 1143 1143
1144 1144 1144
1145 1145 1145
1146 1146 1146
1147 1147 1147
1148 1148 1148
1149 1149 1149
1150 1150 1150
1151 1151 1151
1152 1152 1152
1153 1153 1153
1154 1154 1154
1155 1155 1155
1156 1156 1156
1157 1157 1157
1158 1158 1158
1159 1159 1159
1160 1160 1160
1161 1161 1161
1162 1162 1162
1163 1163 1163
1164 1164 1164
1165 1165 1165
1166 1166 1166
1167 1167 1167
1168 1168 1168
1169 1169 1169
1170 1170 1170
1171 1171 1171
1172 1172 1172
1173 1173 1173
1174 1174 1174
1175 1175 1175
1176 1176 1176
1177 1177 1177
1178 1178 1178
1179 1179 1179
1180 1180 1180
1181 1181 1181
1182 1182 1182
1183 1183 1183
1184 1184 1184
1185 1185 1185
1186 1186 1186
1187 1187 1187
1188 1188 1188
1189 1189 1189
1190 1190 1190
1191 1191 1191
1192 1192 1192
1193 1193 1193
1194 1194 1194
1195 1195 1195
1196 1196 1196
1197 1197 1197
1198 1198 1198
1199 1199 1199
1200 1200 1200
1201 1201 1201
1202 1202 1202
1203 1203 1203
1204 1204 1204
1205 1205 1205
1206 1206 1206
1207 1207 1207
1208 1208 1208
1209 1209 1209
1210 1210 1210
1211 1211 1211
1212 1212 1212
1213 1213 1213
1214 1214 1214
1215 1215 1215
1216 1216 1216
1217 1217 1217
1218 1218 1218
1219 1219 1219
1220 1220 1220
1221 1221 1221
1222 1222 1222
1223 1223 1223
1224 1224 1224
1225 1225 1225
1226 1226 1226
1227 1227 1227
1228 1228 1228
1229 1229 1229
1230 1230 1230
1231 1231 1231
1232 1232 1232
1233 1233 1233
1234 1234 1234
1235 1235 1235
1236 1236 1236
1237 1237 1237
1238 1238 1238
1239 1239 1239
1240 1240 1240
1241 1241 1241
1242 1242 1242
1243 1243 1243
1244 1244 1244
1245 1245 1245
1246 1246 1246
1247 1247 1247
1248 1248 1248
1249 1249 1249
1250 1250 1250
1251 1251 1251
1252 1252 1252
1253 1253 1253
1254 1254 1254
1255 1255 1255
1256 1256 1256
1257 1257 1257
1258 1258 1258
1259 1259 1259
1260 1260 1260
1261 1261 1261
1262 1262 1262
1263 1263 1263
1264 1264 1264
1265 1265 1265
1266 1266 1266
1267 1267 1267
1268 1268 1268
1269 1269 1269
1270 1270 1270
1271 1271 1271
1272 1272 1272
1273 1273 1273
1274 1274 1274
1275 1275 1275
1276 1276 1276
1277 1277 1277
1278 1278 1278
1279 1279 1279
1280 1280 1280
1281 1281 1281
1282 1282 1282
1283 1283 1283
1284 1284 1284
1285 1285 1285
1286 1286 1286
1287 1287 1287
1288 1288 1288
1289 1289 1289
1290 1290 1290
1291 1291 1291
1292 1292 1292
1293 1293 1293
1294 1294 1294
1295 1295 1295
1296 1296 1296
1297 1297 1297
1298 1298 1298
1299 1299 1299
1300 1300 1300
1301 1301 1301
1302 1302 1302
1303 1303 1303
1304 1304 1304
1305 1305 1305
1306 1306 1306
1307 1307 1307
1308 1308 1308
1309 1309 1309
1310 1310 1310
1311 1311 1311
1312 1312 1312
1313 1313 1313
1314 1314 1314
1315 1315 1315
1316 1316 1316
1317 1317 1317
1318 1318 1318
1319 1319 1319
1320 1320 1320
1321 1321 1321
1322 1322 1322
1323 1323 1323
1324 1324 1324
1325 1325 1325
1326 1326 1326
1327 1327 1327
1328 1328 1328
1329 1329 1329
1330 1330 1330
1331 1331 1331
1332 1332 1332
1333 1333 1333
1334 1334 1334
1335 1335 1335
1336 1336 1336
1337 1337 1337
1338 1338 1338
1339 1339 1339
1340 1340 1340
1341 1341 1341
1342 1342 1342
1343 1343 1343
1344 1344 1344
1345 1345 1345
1346 1346 1346
1347 1347 1347
1348 1348 1348
1349 1349 1349
1350 1350 1350
1351 1351 1351
1352 1352 1352
1353 1353 1353
1354 1354 1354
1355 1355 1355
1356 1356 1356
1357 1357 1357
1358 1358 1358
1359 1359 1359
1360 1360 1360
1361 1361 1361
1362 1362 1362
1363 1363 1363
1364 1364 1364
1365 1365 1365
1366 1366 1366
1367 1367 1367
1368 1368 1368
1369 1369 1369
1370 1370 1370
1371 1371 1371
1372 1372 1372
1373 1373 1373
1374 1374 1374
1375 1375 1375
1376 1376 1376
1377 1377 1377
1378 1378 1378
1379 1379 1379
1380 1380 1380
1381 1381 1381
1382 1382 1382
1383 1383 1383
1384 1384 1384
1385 1385 1385
1386 1386 1386
1387 1387 1387
1388 1388 1388
1389 1389 1389
1390 1390 1390
1391 1391 1391
1392 1392 1392
1393 1393 1393
1394 1394 1394
1395 1395 1395
1396 1396 1396
1397 1397 1397
1398 1398 1398
1399 1399 1399
1400 1400 1400
1401 1401 1401
1402 1402 1402
1403 1403 1403
1404 1404 1404
1405 1405 1405
1406 1406 1406
1407 1407 1407
1408 1408 1408
1409 1409 1409
1410 1410 1410
1411 1411 1411
1412 1412 1412
1413 1413 1413
1414 1414 1414
1415 1415 1415
1416 1416 1416
1417 1417 1417
1418 1418 1418
1419 1419 1419
1420 1420 1420
1421 1421 1421
1422 1422 1422
1423 1423 1423
1424 1424 1424
1425 1425 1425
1426 1426 1426
1427 1427 1427
1428 1428 1428
1429 1429 1429
1430 1430 1430
1431 1431 1431
1432 1432 1432
1433 1433 1433
1434 1434 1434
1435 1435 1435
1436 1436 1436
1437 1437 1437
1438 1438 1438
1439 1439 1439
1440 1440 1440
1441 1441 1441
1442 1442 1442
1443 1443 1443
1444 1444 1444
1445 1445 1445
1446 1446 1446
1447 1447 1447
1448 1448 1448
1449 1449 1449
1450 1450 1450
1451 1451 1451
1452 1452 1452
1453 1453 1453
1454 1454 1454
1455 1455 1455
1456 1456 1456
1457 1457 1457
1458 1458 1458
1459 1459 1459
1460 1460 1460
1461 1461 1461
1462 1462 1462
1463 1463 1463
1464 1464 1464
1465 1465 1465
1466 1466 1466
1467 1467 1467
1468 1468 1468
1469 1469 1469
1470 1470 1470
1471 1471 1471
1472 1472 1472
1473 1473 1473
1474 1474 1474
1475 1475 1475
1476 1476 1476
1477 1477 1477
1478 1478 1478
1479 1479 1479
1480 1480 1480
1481 1481 1481
1482 1482 1482
1483 1483 1483
1484 1484 1484
1485 1485 1485
1486 1486 1486
1487 1487 1487
1488 1488 1488
1489 1489 1489
1490 1490 1490
1491 1491 1491
1492 1492 1492
1493 1493 1493
1494 1494 1494
1495 1495 1495
1496 1496 1496
1497 1497 1497
1498 1498 1498
1499 1499 1499
1500 1500 1500
1501 1501 1501
1502 1502 1502
1503 1503 1503
1504 1504 1504
1505 1505 1505
1506 1506 1506
1507 1507 1507
1508 1508 1508
1509 1509 1509
1510 1510 1510
1511 1511 1511
1512 1512 1512
1513 1513 1513
1514 1514 1514
1515 1515 1515
1516 1516 1516
1517 1517 1517
1518 1518 1518
1519 1519 1519
1520 1520 1520
1521 1521 1521
1522 1522 1522
1523 1523 1523
1524 1524 1524
1525 1525 1525
1526 1526 1526
1527 1527 1527
1528 1528 1528
1529 1529 1529
1530 1530 1530
1531 1531 1531
1532 1532 1532
1533 1533 1533
1534 1534 1534
1535 1535 1535
1536 1536 1536
1537 1537 1537
1538 1538 1538
1539 1539 1539
1540 1540 1540
1541 1541 1541
1542 1542 1542
1543 1543 1543
1544 1544 1544
1545 1545 1545
1546 1546 1546
1547 1547 1547
1548 1548 1548
1549 1549 1549
1550 1550 1550
1551 1551 1551
1552 1552 1552
1553 1553 1553
1554 1554 1554
1555 1555 1555
1556 1556 1556
1557 1557 1557
1558 1558 1558
1559 1559 1559
1560 1560 1560
1561 1561 1561
1562 1562 1562
1563 1563 1563
1564 1564 1564
1565 1565 1565
1566 1566 1566
1567 1567 1567
1568 1568 1568
1569 1569 1569
1570 1570 1570
1571 1571 1571
1572 1572 1572
1573 1573 1573
1574 1574 1574
1575 1575 1575
1576 1576 1576
1577 1577 1577
1578 1578 1578
1579 1579 1579
1580 1580 1580
1581 1581 1581
1582 1582 1582
1583 1583 1583
1584 1584 1584
1585 1585 1585
1586 1586 1586
1587 1587 1587
1588 1588 1588
1589 1589 1589
1590 1590 1590
1591 1591 1591
1592 1592 1592
1593 1593 1593
1594 1594 1594
1595 1595 1595
1596 1596 1596
1597 1597 1597
1598 1598 1598
1599 1599 1599
1600 1600 1600
1601 1601 1601
1602 1602 1602
1603 1603 1603
1604 1604 1604
1605 1605 1605
1606 1606 1606
1607 1607 1607
1608 1608 1608
1609 1609 1609
1610 1610 1610
1611 1611 1611
1612 1612 1612
1613 1613 1613
1614 1614 1614
1615 1615 1615
1616 1616 1616
1617 1617 1617
1618 1618 1618
1619 1619 1619
1620 1620 1620
1621 1621 1621
1622 1622 1622
1623 1623 1623
1624 1624 1624
1625 1625 1625
1626 1626 1626
1627 1627 1627
1628 1628 1628
1629 1629 1629
1630 1630 1630
1631 1631 1631
1632 1632 1632
1633 1633 1633
1634 1634 1634
1635 1635 1635
1636 1636 1636
1637 1637 1637
1638 1638 1638
1639 1639 1639
1640 1640 1640
1641 1641 1641
1642 1642 1642
1643 1643 1643
1644 1644 1644
1645 1645 1645
1646 1646 1646
1647 1647 1647
1648 1648 1648
1649 1649 1649
1650 1650 1650
1651 1651 1651
1652 1652 1652
1653 1653 1653
1654 1654 1654
1655 1655 1655
1656 1656 1656
1657 1657 1657
1658 1658 1658
1659 1659 1659
1660 1660 1660
1661 1661 1661
1662 1662 1662
1663 1663 1663
1664 1664 1664
1665 1665 1665
1666 1666 1666
1667 1667 1667
1668 1668 1668
1669 1669 1669
1670 1670 1670
1671 1671 1671
1672 1672 1672
1673 1673 1673
1674 1674 1674
1675 1675 1675
1676 1676 1676
1677 1677 1677
1678 1678 1678
1679 1679 1679
1680 1680 1680
1681 1681 1681
1682 1682 1682
1683 1683 1683
1684 1684 1684
1685 1685 1685
1686 1686 1686
1687 1687 1687
1688 1688 1688
1689 1689 1689
1690 1690 1690
1691 1691 1691
1692 1692 1692
1693 1693 1693
1694 1694 1694
1695 1695 1695
1696 1696 1696
1697 1697 1697
1698 1698 1698
1699 1699 1699
1700 1700 1700
1701 1701 1701
1702 1702 1702
1703 1703 1703
1704 1704 1704
1705 1705 1705
1706 1706 1706
1707 1707 1707
1708 1708 1708
1709 1709 1709
1710 1710 1710
1711 1711 1711
1712 1712 1712
1713 1713 1713
1714 1714 1714
1715 1715 1715
1716 1716 1716
1717 1717 1717
1718 1718 1718
1719 1719 1719
1720 1720 1720
1721 1721 1721
1722 1722 1722
1723 1723 1723
1724 1724 1724
1725 1725 1725
1726 1726 1726
1727 1727 1727
1728 1728 1728
1729 1729 1729
1730 1730 1730
1731 1731 1731
1732 1732 1732
1733 1733 1733
1734 1734 1734
1735 1735 1735
1736 1736 1736
1737 1737 1737
1738 1738 1738
1739 1739 1739
1740 1740 1740
1741 1741 1741
1742 1742 1742
1743 1743 1743
1744 1744 1744
1745 1745 1745
1746 1746 1746
1747 1747 1747
1748 1748 1748
1749 1749 1749
1750 1750 1750
1751 1751 1751
1752 1752 1752
1753 1753 1753
1754 1754 1754
1755 1755 1755
1756 1756 1756
1757 1757 1757
1758 1758 1758
1759 1759 1759
1760 1760 1760
1761 1761 1761
1762 1762 1762
1763 1763 1763
1764 1764 1764
1765 1765 1765
1766 1766 1766
1767 1767 1767
1768 1768 1768
1769 1769 1769
1770 1770 1770
1771 1771 1771
1772 1772 1772
1773 1773 1773
1774 1774 1774
1775 1775 1775
1776 1776 1776
1777 1777 1777
1778 1778 1778
1779 1779 1779
1780 1780 1780
1781 1781 1781
1782 1782 1782
1783 1783 1783
1784 1784 1784
1785 1785 1785
1786 1786 1786
1787 1787 1787
1788 1788 1788
1789 1789 1789
1790 1790 1790
1791 1791 1791
1792 1792 1792
1793 1793 1793
1794 1794 1794
1795 1795 1795
1796 1796 1796
1797 1797 1797
1798 1798 1798
1799 1799 1799
1800 1800 1800
1801 1801 1801
1802 1802 1802
1803 1803 1803
1804 1804 1804
1805 1805 1805
1806 1806 1806
1807 1807 1807
1808 1808 1808
1809 1809 1809
1810 1810 1810
1811 1811 1811
1812 1812 1812
1813 1813 1813
1814 1814 1814
1815 1815 1815
1816 1816 1816
1817 1817 1817
1818 1818 1818
1819 1819 1819
1820 1820 1820
1821 1821 1821
1822 1822 1822
1823 1823 1823
1824 1824 1824
1825 1825 1825
1826 1826 1826
1827 1827 1827
1828 1828 1828
1829 1829 1829
1830 1830 1830
1831 1831 1831
1832 1832 1832
1833 1833 1833
1834 1834 1834
1835 1835 1835
1836 1836 1836
1837 1837 1837
1838 1838 1838
1839 1839 1839
1840 1840 1840
1841 1841 1841
1842 1842 1842
1843 1843 1843
1844 1844 1844
1845 1845 1845
1846 1846 1846
1847 1847 1847
1848 1848 1848
1849 1849 1849
1850 1850 1850
1851 1851 1851
1852 1852 1852
1853 1853 1853
1854 1854 1854
1855 1855 1855
1856 1856 1856
1857 1857 1857
1858 1858 1858
1859 1859 1859
1860 1860 1860
1861 1861 1861
1862 1862 1862
1863 1863 1863
1864 1864 1864
1865 1865 1865
1866 1866 1866
1867 1867 1867
1868 1868 1868
1869 1869 1869
1870 1870 1870
1871 1871 1871
1872 1872 1872
1873 1873 1873
1874 1874 1874
1875 1875 1875
1876 1876 1876
1877 1877 1877
1878 1878 1878
1879 1879 1879
1880 1880 1880
1881 1881 1881
1882 1882 1882
1883 1883 1883
1884 1884 1884
1885 1885 1885
1886 1886 1886
1887 1887 1887
1888 1888 1888
1889 1889 1889
1890 1890 1890
1891 1891 1891
1892 1892 1892
1893 1893 1893
1894 1894 1894
1895 1895 1895
1896 1896 1896
1897 1897 1897
1898 1898 1898
1899 1899 1899
1900 1900 1900
1901 1901 1901
1902 1902 1902
1903 1903 1903
1904 1904 1904
1905 1905 1905
1906 1906 1906
1907 1907 1907
1908 1908 1908
1909 1909 1909
1910 1910 1910
1911 1911 1911
1912 1912 1912
1913 1913 1913
1914 1914 1914
1915 1915 1915
1916 1916 1916
1917 1917 1917
1918 1918 1918
1919 1919 1919
1920 1920 1920
1921 1921 1921
1922 1922 1922
1923 1923 1923
1924 1924 1924
1925 1925 1925
1926 1926 1926
1927 1927 1927
1928 1928 1928
1929 1929 1929
1930 1930 1930
1931 1931 1931
1932 1932 1932
1933 1933 1933
1934 1934 1934
1935 1935 1935
1936 1936 1936
1937 1937 1937
1938 1938 1938
1939 1939 1939
1940 1940 1940
1941 1941 1941
1942 1942 1942
1943 1943 1943
1944 1944 1944
1945 1945 1945
1946 1946 1946
1947 1947 1947
1948 1948 1948
1949 1949 1949
1950 1950 1950
1951 1951 1951
1952 1952 1952
1953 1953 1953
1954 1954 1954
1955 1955 1955
1956 1956 1956
1957 1957 1957
1958 1958 1958
1959 1959 1959
1960 1960 1960
1961 1961 1961
1962 1962 1962
1963 1963 1963
1964 1964 1964
1965 1965 1965
1966 1966 1966
1967 1967 1967
1968 1968 1968
1969 1969 1969
1970 1970 1970
1971 1971 1971
1972 1972 1972
1973 1973 1973
1974 1974 1974
1975 1975 1975
1976 1976 1976
1977 1977 1977
1978 1978 1978
1979 1979 1979
1980 1980 1980
1981 1981 1981
1982 1982 1982
1983 1983 1983
1984 1984 1984
1985 1985 1985
1986 1986 1986
1987 1987 1987
1988 1988 1988
1989 1989 1989
1990 1990 1990
1991 1991 1991
1992 1992 1992
1993 1993 1993
1994 1994 1994
1995 1995 1995
1996 1996 1996
1997 1997 1997
1998 1998 1998
1999 1999 1999
0-1591
1-899
1-1246
2-805
2-683
3-1361
3-1183
3-208
4-794
5-398
5-940
6-1235
6-1413
7-1791
8-1106
8-1408
8-1595
9-333
9-1269
9-1096
10-1761
11-1426
11-1694
12-341
12-1609
13-312
14-103
15-409
16-331
16-1347
16-1360
16-1730
16-1113
17-1866
17-966
18-1373
18-192
19-1598
20-1552
21-1282
21-1548
22-896
22-818
22-1455
22-739
23-1287
23-1401
23-226
23-365
24-122
24-949
25-867
25-1004
25-975
26-45
26-1551
26-123
26-1120
26-1927
26-1621
26-224
27-968
28-1162
28-1184
29-1594
29-768
29-377
29-1912
30-615
31-1875
32-361
33-506
34-945
35-56
35-241
36-291
37-1182
38-1907
39-909
40-1457
40-274
40-1275
40-268
41-1404
42-330
42-565
43-1999
44-814
45-65
45-1347
46-564
47-1826
47-1658
48-1571
48-376
49-794
49-1455
49-1261
49-1397
50-538
50-1867
51-1979
51-910
51-1335
51-307
52-1994
53-903
53-301
53-795
53-1076
53-631
53-1155
54-508
54-521
55-900
56-743
56-241
56-1360
57-1244
57-299
57-498
57-975
58-1963
58-680
58-661
58-1486
58-444
59-1874
59-52
60-613
60-232
60-0
60-1917
60-271
60-1182
60-1260
60-1551
61-1251
61-1945
62-536
63-1291
63-211
63-47
63-658
64-1222
64-1691
65-1746
66-44
66-542
67-856
68-1045
68-394
69-1058
69-1194
69-1935
70-1533
70-86
71-53
72-802
72-1556
73-1582
73-794
74-1721
74-1057
74-562
74-696
75-100
76-1330
76-133
77-470
78-1612
79-1258
80-208
80-1322
81-609
81-1926
81-1393
81-1402
81-1782
81-910
81-136
81-1232
82-638
82-417
83-1968
84-1893
85-723
86-1114
86-1783
86-488
87-234
87-482
88-1608
88-677
89-992
89-81
89-975
90-1471
90-1001
91-578
91-1426
91-472
91-131
92-980
93-1625
93-166
93-265
94-28
94-396
95-828
95-1166
95-552
95-1770
96-780
97-280
98-250
98-567
99-55
99-1825
99-876
99-1384
99-1490
99-1739
99-1791
99-1758
99-1384
99-1133
99-352
99-1320
100-125
100-1050
101-1435
102-1706
103-1816
103-936
103-821
104-727
105-970
106-1105
107-1463
107-314
107-1301
108-70
108-495
108-837
108-1708
108-997
109-1394
110-1552
111-173
111-1065
112-1617
112-1484
113-1483
114-1977
114-1925
114-333
115-1366
115-1317
115-597
115-1590
115-1179
116-1451
116-1213
116-101
116-1173
116-435
116-986
116-1074
117-1806
118-1699
118-1221
118-1412
119-153
119-395
119-612
119-506
120-1752
121-686
121-543
121-1508
121-1903
121-1512
121-1032
121-226
121-1769
122-1712
122-664
122-1078
122-835
123-1226
123-260
124-1041
125-1071
126-255
126-866
127-1150
128-1949
129-1859
129-1710
130-1660
130-1326
130-1337
130-1225
131-1598
132-1517
133-1243
133-1955
134-297
134-56
135-1972
135-986
135-875
136-712
136-70
136-1627
136-1579
136-679
137-1843
138-1613
138-483
138-32
139-1528
140-1315
141-1873
141-1192
141-1103
141-742
141-1563
141-1422
142-967
142-830
143-843
144-393
145-1259
145-1956
146-102
146-1939
147-820
147-1525
148-1323
149-1649
149-478
150-975
150-731
151-1877
151-1342
151-731
152-1907
153-945
154-1338
154-1488
155-38
155-898
156-478
156-1378
157-1813
157-254
157-1645
158-310
158-1496
158-291
159-609
160-949
161-1344
162-1164
163-1045
164-1675
164-1219
165-1229
166-457
166-42
166-1523
166-1770
167-272
168-938
169-1519
170-1729
171-811
171-1517
172-954
172-442
172-73
172-763
173-1239
174-906
174-363
175-960
175-1889
175-325
176-393
177-1255
177-394
177-836
178-1571
178-523
178-1390
178-972
178-773
179-130
179-800
179-80
180-890
180-555
181-18
182-1653
182-823
182-533
183-1707
183-523
183-1314
183-1867
183-1193
183-1373
184-1471
184-510
185-1754
186-1306
187-1801
187-479
187-555
188-1624
188-1257
188-1937
189-1113
190-914
191-973
191-935
192-1272
193-279
194-1609
194-1088
194-1738
195-590
195-1770
195-1501
196-529
197-1719
198-114
198-347
199-1234
200-1745
201-831
201-1717
201-188
201-132
202-560
202-979
203-1534
204-2
204-523
205-1870
206-1875
207-728
207-442
208-1654
208-1771
209-527
210-655
211-1556
211-180
212-912
213-1003
214-329
214-241
214-1888
215-1748
216-844
216-1622
216-1664
216-94
216-507
217-1998
217-1078
217-1896
218-1022
218-1774
219-576
220-126
221-1109
222-1384
222-752
222-402
223-613
223-328
224-577
224-988
224-23
225-1916
226-475
227-533
227-1695
228-1674
228-194
228-693
228-1313
228-1513
229-495
230-1487
231-346
232-125
233-797
234-1014
235-1136
236-61
236-888
236-1107
236-1318
237-1130
238-839
239-209
239-831
239-230
240-1726
240-1049
240-1429
241-1482
241-1036
242-1756
243-1143
243-1340
243-1519
243-1719
244-663
244-1063
244-1503
245-936
245-1966
246-425
246-263
247-1840
248-361
248-1184
248-1789
248-768
249-654
250-7
250-1345
251-418
251-444
252-1330
253-466
253-996
253-1187
253-752
253-114
254-1626
254-1932
254-160
254-207
254-1720
255-595
255-995
256-1983
256-869
257-600
258-549
258-589
258-730
259-1939
259-177
259-867
260-1323
260-71
260-1018
261-768
262-290
263-1408
263-1509
263-1953
263-183
264-1476
265-1748
266-143
267-1258
268-76
269-1128
270-129
271-1618
272-1951
273-1421
273-451
274-1506
274-80
275-71
276-1812
277-1889
277-1134
278-1975
279-183
279-1149
280-38
281-1995
281-1125
281-1397
282-1549
283-244
283-1724
283-358
283-1641
284-293
284-1320
285-1587
285-869
285-1824
286-1099
287-1389
287-239
287-386
288-23
288-828
288-1747
288-105
288-1729
288-472
288-162
289-1246
289-229
290-108
291-1996
291-801
291-1644
291-792
291-1917
292-417
292-1503
292-909
293-2
294-139
294-1496
295-1399
296-1121
297-965
297-109
297-803
298-1732
298-464
299-1523
299-170
299-797
299-1407
299-1199
300-595
301-1634
302-1707
302-157
302-1248
303-808
303-494
303-1424
304-662
304-1172
304-682
304-324
305-1618
306-1909
306-186
307-49
308-850
308-533
308-1414
308-1593
309-1516
310-1424
311-1476
311-1312
312-501
312-1735
313-832
314-172
314-554
314-391
315-1487
316-1849
316-506
317-191
318-229
319-1610
319-1734
319-56
320-155
320-640
320-1376
320-1247
320-99
321-1532
322-376
322-1595
323-716
323-1000
324-1786
324-1017
325-277
326-1025
327-971
328-1599
329-1804
329-264
329-1467
330-1776
331-1490
331-1009
331-1559
331-1868
332-558
332-235
333-901
333-1161
334-1057
334-1321
335-1999
335-1370
335-768
336-243
337-1370
337-955
338-722
338-1634
338-262
339-53
339-1612
339-1209
339-1749
340-1729
341-1044
342-772
343-1951
343-1682
344-1083
345-1077
346-959
347-1897
347-894
347-1846
348-841
349-874
350-158
350-1242
351-1638
352-27
352-1633
352-1867
353-437
354-1068
354-1886
355-1533
356-105
357-640
358-1066
358-1229
359-1106
359-328
359-1408
360-1308
361-856
361-1261
362-75
363-1311
363-1383
363-1971
364-258
365-1393
366-479
367-600
367-1569
367-1327
368-810
369-1461
370-699
371-1438
372-90
373-365
373-220
373-1795
374-294
374-342
375-26
375-230
376-992
377-1450
377-59
378-264
379-1258
379-1096
380-1335
380-1241
381-1104
381-775
382-734
382-1624
383-744
384-1069
385-863
385-1756
386-717
386-1203
386-874
387-1553
388-1145
388-1444
389-457
389-382
389-527
390-1998
390-590
390-60
391-562
391-1767
392-11
393-1514
393-1688
394-1629
395-973
395-300
395-1992
395-1181
395-759
395-50
396-346
396-576
397-1147
397-1492
398-1711
398-1381
399-636
399-1020
399-341
399-1715
399-422
400-647
400-1595
400-1571
401-731
401-323
401-54
401-568
401-1056
402-1619
403-259
403-1792
404-627
405-1082
406-589
406-320
407-1034
408-1838
408-562
408-717
409-1665
409-344
410-1510
411-1327
412-1808
412-529
413-475
413-1350
413-1717
414-412
415-564
415-244
416-48
416-590
416-474
417-1046
417-1843
417-427
418-1324
419-1911
420-925
421-592
421-1934
421-628
422-56
422-1697
422-1913
422-1751
422-601
422-406
423-413
423-1112
424-421
425-86
426-72
426-882
427-313
427-1964
428-1814
428-1627
428-483
429-689
430-1475
431-1989
432-1661
432-1524
432-1960
433-73
433-540
434-698
435-1697
436-433
437-1580
438-1747
438-1793
438-1490
439-282
440-1385
441-1041
442-537
443-1509
444-810
444-610
445-1843
446-1786
447-1768
448-1655
449-1701
449-1952
450-392
451-568
452-1427
452-1601
453-1276
454-1532
454-1333
454-383
454-730
454-1859
454-315
454-813
455-1376
455-1898
456-1286
456-439
456-1873
456-832
456-125
457-756
458-1129
459-1869
459-514
460-1486
460-1115
460-984
460-760
461-647
461-1366
462-733
463-1700
464-312
464-644
464-1658
465-1740
465-540
465-1275
466-589
466-1808
466-1235
466-1852
467-1118
468-232
469-1092
469-1255
470-731
470-1455
470-513
471-358
472-380
472-512
472-1471
473-1303
473-1541
474-253
474-1015
475-1116
475-365
476-1617
476-1547
476-672
476-1969
476-1505
477-52
477-1620
477-1017
478-1729
479-1480
480-1630
481-750
481-70
481-1840
482-625
482-1549
482-1261
483-1840
483-1247
484-981
485-574
486-1864
486-397
487-1478
487-1032
487-975
487-1245
488-954
488-944
488-463
488-1328
489-1371
489-390
489-1614
490-254
491-627
492-470
493-1565
494-1230
494-193
495-304
496-698
496-1643
497-1943
498-1277
499-1795
500-1969
500-517
500-760
500-1673
501-533
501-1101
501-944
502-1599
503-1875
503-45
504-1333
504-1257
505-1315
506-1852
506-793
507-596
507-919
508-581
508-1760
509-404
509-1132
510-1219
511-1425
512-332
512-186
512-188
513-1699
514-424
515-1211
515-1413
516-900
516-1757
517-466
517-891
518-1815
518-21
519-905
519-1649
519-292
520-1691
521-1128
522-1569
522-325
523-14
524-1196
524-372
524-509
524-626
524-822
525-1526
526-1881
527-1657
527-817
527-613
528-1662
529-344
529-1015
529-546
529-904
529-1368
529-567
529-722
529-1513
530-146
531-361
532-1131
532-790
532-1609
532-1260
532-1476
533-1762
534-315
534-1066
535-1087
535-1813
535-104
535-144
536-472
537-1375
537-76
537-1430
537-865
538-460
539-193
539-404
539-910
540-972
541-1842
542-717
542-600
543-843
544-1972
545-1011
546-1479
547-1790
547-897
548-1590
549-1336
549-691
549-405
549-445
550-1568
550-235
551-382
552-1975
552-1536
553-222
553-637
554-1904
554-1219
555-1100
555-1323
555-351
556-1778
556-1041
556-598
556-317
556-1566
557-1649
557-803
557-1536
557-776
557-1537
558-996
558-1685
558-993
558-1924
558-1318
558-1919
558-245
559-1580
559-229
559-328
559-1704
560-934
560-341
561-1036
561-1331
562-154
563-1511
563-1355
564-1574
565-149
566-758
567-343
568-837
568-1153
568-1159
569-647
569-1642
569-2
569-250
569-870
569-1730
569-1318
570-967
571-517
572-614
573-179
573-364
573-184
573-1278
573-110
574-1948
575-1277
575-1520
576-1958
576-301
576-1536
576-1936
576-1168
577-682
577-1165
578-647
579-47
580-119
581-945
582-766
582-1748
583-622
583-1501
584-207
585-380
586-1727
587-917
588-1219
588-1287
589-1913
590-1880
591-820
591-764
592-1032
593-1443
593-1123
594-894
595-591
595-352
596-1456
596-1509
597-1038
598-1210
598-1849
599-199
600-1163
600-692
600-75
600-1894
600-1285
600-430
600-908
600-1887
601-1161
601-1211
602-1065
603-1189
603-1417
603-1317
603-661
604-1654
605-726
606-556
607-1086
608-45
608-1710
609-1451
610-313
611-1907
611-1530
611-419
611-1933
611-1909
612-1803
613-1911
614-30
615-397
615-647
615-1708
615-71
616-1920
617-1422
617-1964
618-932
619-1391
620-1887
621-174
621-582
622-1196
623-448
624-1708
624-1000
625-1571
626-1987
626-1872
626-1407
627-89
627-1635
627-1575
628-808
629-1556
629-1734
630-288
630-1180
630-1541
631-1654
632-740
632-1244
633-1973
634-1741
635-1504
636-209
637-1604
638-908
639-1287
640-99
640-665
641-1925
642-1451
643-1967
643-740
643-1476
643-557
644-1379
645-1066
646-512
646-497
647-820
648-1146
648-1320
649-934
649-868
650-162
651-307
652-1876
653-604
653-765
653-1933
654-1565
655-1873
656-327
656-1002
656-955
656-1496
656-663
656-1290
657-626
657-1471
657-1645
658-333
658-130
658-1507
659-1060
660-63
661-1768
662-255
663-1935
664-102
665-980
665-195
666-221
667-288
667-963
668-168
669-1419
669-1768
669-1028
669-1290
670-182
671-1884
672-1670
672-1328
672-1845
673-444
674-439
675-803
676-780
676-842
677-280
677-780
677-538
677-956
677-414
677-342
678-666
679-1014
680-302
681-155
682-515
683-364
683-1463
683-488
683-1
684-921
684-1207
684-432
685-1820
686-385
687-21
688-421
689-1680
689-1072
689-1623
690-869
690-1017
690-612
690-1059
690-1695
690-12
690-664
691-1174
692-204
693-1244
694-1151
694-1766
694-664
695-1184
695-1568
696-1327
696-1746
696-1426
697-744
698-1238
699-1444
699-1414
699-1557
700-1674
700-693
700-40
701-1907
701-1022
702-279
703-452
703-391
704-201
705-62
705-1112
705-1264
705-1647
706-1994
707-665
708-107
709-1687
710-1853
710-822
710-1442
711-1552
712-162
713-51
714-561
714-734
715-603
716-355
717-1806
717-1815
717-419
717-1657
718-711
719-1149
719-1971
719-1771
720-475
720-949
721-1611
721-6
722-1067
723-679
723-860
724-110
724-592
725-699
725-596
725-1066
725-153
725-481
726-569
727-1363
727-1770
727-1658
728-1850
729-640
729-1289
730-1854
730-1703
730-1621
730-371
730-783
731-481
731-1141
732-1510
733-177
733-195
733-1407
734-1041
735-303
735-649
736-1392
737-1251
738-1971
739-21
739-1131
740-1778
741-1004
741-596
742-1256
742-1449
743-589
743-803
743-1263
743-1564
744-187
744-69
745-694
746-1732
747-188
748-1357
748-1321
748-580
749-425
749-1196
750-780
750-850
750-1954
751-1767
752-1180
752-1460
753-1837
753-681
753-805
753-200
754-1698
755-1658
755-1211
755-830
755-297
755-619
755-1015
756-156
756-1649
756-1835
756-1490
756-31
756-349
757-1749
757-658
757-1960
758-774
759-1930
759-1745
760-1784
760-618
760-1884
761-979
762-1507
762-853
763-435
764-1616
765-436
765-549
765-549
766-375
766-1785
766-99
766-719
767-1453
767-1825
767-151
768-681
768-506
768-1147
768-1363
769-1401
770-997
770-1477
771-131
772-1555
772-1788
772-1141
773-101
773-767
773-1898
773-539
774-609
775-1188
775-1687
775-367
776-1781
776-523
777-1732
778-373
778-1446
779-1159
780-1891
781-231
781-190
782-1984
782-1735
782-233
783-1282
783-1193
783-1722
783-182
784-1725
785-1926
785-786
786-1944
786-1308
786-535
787-1813
788-163
789-1020
789-1397
789-1843
789-1331
790-626
790-1984
791-819
792-1362
793-28
794-206
794-1180
795-378
795-1137
796-844
797-762
797-1139
797-434
798-1934
799-1266
799-460
800-1900
801-419
801-56
802-138
802-543
803-54
803-1368
803-1318
804-1560
805-1765
806-1174
806-159
807-824
808-1154
809-1465
810-572
810-85
810-865
811-1455
811-858
811-1346
811-456
811-1760
812-1247
813-1926
814-1755
815-158
815-1392
815-74
815-784
815-272
816-420
816-593
816-1568
816-607
817-1586
818-744
819-1260
819-1421
819-465
820-1480
821-709
822-1389
822-434
822-901
823-146
824-1974
824-787
824-675
825-682
826-1712
826-1686
827-285
828-165
828-1650
829-922
830-242
830-683
831-1517
831-966
831-140
831-61
832-965
832-569
833-197
833-890
834-997
835-1963
835-991
836-1691
837-636
837-45
838-312
839-1322
839-264
840-1204
841-652
842-551
843-1791
843-1318
843-1316
844-101
845-424
846-1292
846-666
847-721
847-1145
848-1697
848-586
849-823
850-1809
850-793
850-1974
850-1323
850-1222
850-232
850-818
851-76
851-608
852-1431
853-260
853-295
854-1793
855-1008
856-347
857-1638
858-84
859-979
859-1630
859-1874
860-1422
860-1407
860-1306
861-1862
861-572
862-92
862-1269
863-1259
863-179
863-1264
864-793
865-1274
866-1642
866-709
866-1347
867-354
867-771
868-1876
868-1686
869-1296
870-888
871-1382
871-1458
872-1645
872-559
872-487
872-928
873-406
874-1993
874-1678
874-1275
874-1772
874-437
875-1672
876-401
877-43
878-161
878-776
879-422
880-560
880-1848
880-179
881-1709
882-799
883-438
883-1139
884-352
885-524
886-1988
887-1536
888-1208
888-1716
889-1663
890-506
891-913
892-309
892-1193
892-420
893-1707
893-1538
893-1410
893-911
894-1954
895-1862
895-394
895-1984
896-769
897-791
897-1617
897-1973
897-1451
898-1980
899-673
900-749
900-443
901-1619
902-207
902-1979
903-43
903-877
903-150
904-333
905-1740
906-234
906-1979
906-1456
907-17
908-1599
908-1390
908-779
908-626
908-265
909-572
909-1601
910-92
911-1653
911-277
911-523
911-878
911-1843
912-1726
912-662
912-281
913-271
914-827
914-380
915-1817
915-1089
915-1810
915-259
916-1888
916-1698
917-1058
918-145
918-11
918-1806
919-1083
919-1125
919-1225
920-1723
920-544
920-49
920-148
920-1153
921-1476
922-619
923-853
924-1478
924-91
924-566
924-447
924-1378
925-164
926-485
927-1130
927-1300
927-886
927-1531
927-539
927-1125
928-1061
929-1282
930-898
930-1401
931-246
932-741
932-35
933-189
934-1897
934-430
934-1901
935-501
935-512
936-1903
937-1892
937-239
937-1931
938-514
938-588
938-333
939-606
940-313
941-669
941-1036
942-1034
942-270
942-1843
943-875
944-750
945-1126
946-958
946-1660
946-360
947-57
948-429
948-1692
948-172
949-877
950-714
951-811
951-349
952-1204
952-1719
952-1468
953-353
954-1785
954-1607
955-1605
955-90
955-1158
956-1329
956-1227
956-896
956-1221
956-368
956-1887
957-1520
957-692
957-236
957-354
957-382
957-1405
957-654
958-19
958-324
959-451
960-933
960-1078
960-834
961-1470
962-748
963-905
964-967
964-1963
965-1441
965-92
965-589
965-1603
966-1889
967-1393
968-311
968-1255
969-1608
970-1266
971-1651
971-677
972-1676
973-781
974-1142
975-1604
975-660
975-1736
976-1274
977-465
977-1712
978-1768
979-960
979-1227
979-842
980-1661
981-934
982-412
983-1624
984-1519
985-1356
985-1005
986-541
987-661
988-1424
989-990
989-806
989-1714
989-1645
989-1447
989-765
990-1546
991-870
992-1288
992-1590
993-1317
993-1888
993-1067
994-1352
994-815
995-966
996-549
996-984
997-642
997-426
997-1305
998-19
998-1638
999-749
1000-1018
1001-1817
1001-768
1001-54
1001-1766
1002-1696
1003-1687
1003-825
1004-1289
1004-346
1004-1933
1005-530
1006-1771
1007-818
1008-834
1008-80
1009-1373
1010-1593
1011-29
1011-576
1012-337
1013-132
1013-1883
1013-643
1014-1102
1015-582
1015-52
1016-698
1016-407
1016-198
1017-1370
1018-24
1018-192
1018-921
1018-1826
1019-595
1020-1746
1020-306
1020-1899
1021-667
1022-1774
1022-93
1023-1283
1024-1751
1025-853
1026-1919
1027-239
1028-1709
1028-1399
1029-379
1029-83
1030-1621
1030-1451
1030-995
1031-553
1031-1933
1031-397
1032-249
1032-1891
1033-714
1033-262
1033-463
1034-1802
1034-329
1034-660
1034-1024
1034-295
1035-589
1035-1206
1035-4
1035-1657
1036-893
1037-149
1037-1937
1038-18
1039-351
1039-1468
1039-518
1039-1275
1039-1659
1040-310
1041-104
1041-1730
1041-159
1041-491
1042-1660
1043-48
1044-448
1044-1103
1044-480
1045-1662
1046-1231
1047-491
1048-601
1049-1269
1049-918
1049-244
1050-174
1051-1880
1052-1866
1052-1632
1053-324
1053-263
1053-1064
1054-1257
1055-1104
1056-1970
1057-1401
1058-586
1059-1042
1059-407
1059-1516
1059-209
1060-1619
1060-1669
1060-590
1060-165
1060-796
1061-344
1061-224
1062-1139
1062-197
1063-1937
1064-817
1064-1318
1064-1018
1064-261
1065-1755
1066-1209
1067-1076
1067-230
1068-634
1069-1235
1070-1092
1071-1069
1072-1434
1072-7
1073-1813
1074-232
1075-68
1076-237
1076-154
1077-1639
1078-1559
1079-1480
1079-1086
1079-648
1080-860
1080-1341
1081-651
1081-453
1081-928
1081-1117
1081-1710
1082-1733
1082-483
1083-1019
1083-862
1084-731
1085-564
1086-485
1086-154
1086-1367
1087-173
1088-1842
1089-1958
1090-257
1091-839
1091-528
1092-185
1093-1956
1093-1254
1093-1315
1093-30
1093-338
1093-1582
1093-476
1093-754
1093-1807
1094-785
1094-645
1094-1103
1094-1093
1094-325
1094-1361
1094-1577
1095-1007
1096-831
1096-1347
1096-1498
1096-1252
1096-253
1096-806
1097-388
1098-265
1098-449
1099-1735
1100-510
1101-185
1101-1755
1102-1866
1103-364
1103-1853
1103-1417
1103-1758
1104-214
1105-1166
1105-705
1106-493
1106-276
1106-631
1106-104
1107-242
1108-307
1108-1851
1109-106
1109-735
1110-581
1111-1485
1111-518
1112-1340
1112-785
1112-975
1112-74
1113-1735
1114-15
1115-551
1115-1247
1116-1005
1117-382
1117-1673
1118-1172
1119-5
1120-418
1121-1428
1122-1356
1122-12
1122-610
1122-689
1122-1604
1123-783
1124-925
1125-1043
1126-79
1127-1995
1128-1408
1129-332
1130-1947
1131-477
1131-1670
1132-1027
1133-1716
1134-1159
1134-1904
1135-1237
1135-767
1135-694
1135-1429
1135-1454
1136-1996
1137-60
1137-166
1137-783
1137-1520
1137-758
1137-1307
1137-485
1138-1337
1138-372
1139-1890
1140-1351
1141-86
1142-1544
1143-1061
1144-633
1144-590
1144-481
1145-508
1145-1929
1146-1637
1147-1018
1148-1657
1149-1780
1150-372
1151-34
1152-192
1152-1181
1153-138
1153-416
1153-1438
1153-192
1153-341
1153-361
1154-1213
1154-746
1154-363
1154-739
1154-633
1155-1531
1155-1991
1156-697
1157-1719
1157-863
1158-440
1158-1495
1158-845
1158-1155
1158-661
1159-1145
1159-494
1160-115
1160-204
1160-1880
1161-257
1161-1709
1162-897
1162-1911
1162-43
1162-988
1162-871
1162-902
1163-1704
1163-1530
1164-1658
1165-159
1166-1345
1167-857
1168-534
1168-1973
1169-1297
1169-1677
1169-1809
1169-108
1169-673
1170-540
1170-1782
1171-1112
1172-372
1172-647
1173-1002
1173-19
1173-216
1173-1793
1174-1367
1174-1933
1174-1647
1174-1000
1174-585
1175-1173
1176-1585
1176-1343
1177-1631
1177-366
1177-10
1177-1455
1177-306
1178-1347
1179-386
1180-900
1180-1654
1181-58
1181-1635
1181-1778
1181-468
1181-522
1181-1676
1181-350
1181-991
1182-1934
1183-463
1183-1825
1183-302
1184-1648
1184-1927
1184-1384
1184-908
1184-721
1185-349
1185-706
1185-1882
1186-1262
1187-240
1188-1979
1188-1608
1189-1511
1190-1058
1190-227
1190-1871
1190-670
1191-1762
1191-862
1191-856
1191-1126
1192-1897
1192-976
1192-1223
1193-1196
1194-1333
1194-465
1195-1194
1195-330
1195-456
1196-1010
1196-73
1197-789
1198-1830
1199-106
1200-450
1200-492
1201-1795
1202-1090
1203-1329
1203-457
1203-440
1203-763
1204-1824
1205-71
1205-1335
1206-1228
1207-1360
1207-242
1207-378
1207-1225
1208-195
1209-1336
1209-843
1209-1421
1210-584
1211-554
1212-584
1212-1781
1212-422
1213-432
1214-1641
1215-1394
1216-1824
1217-1174
1217-1100
1217-746
1218-817
1218-1823
1218-1771
1218-1591
1218-1292
1219-1508
1220-618
1220-1172
1220-440
1221-1898
1222-658
1223-342
1223-467
1224-1437
1224-517
1224-341
1224-1252
1225-858
1225-200
1225-212
1225-428
1225-332
1226-711
1226-1756
1226-559
1227-956
1228-794
1229-921
1229-950
1230-1552
1231-818
1231-1481
1232-869
1233-1719
1233-1115
1234-556
1234-314
1234-791
1235-1266
1235-244
1235-1256
1236-374
1236-925
1236-1436
1236-1267
1236-51
1237-1376
1237-1894
1238-1669
1239-862
1239-840
1240-1922
1240-811
1240-1736
1241-745
1241-1543
1241-431
1242-1849
1242-976
1243-601
1243-467
1243-1876
1244-1432
1245-854
1246-1687
1246-268
1247-657
1248-1216
1248-801
1248-653
1248-1886
1249-696
1249-792
1249-1275
1250-1145
1250-781
1251-953
1251-1372
1252-1200
1252-910
1252-1369
1252-1306
1253-1401
1253-606
1253-1124
1254-37
1254-1650
1254-739
1254-1801
1254-695
1255-655
1255-1370
1256-729
1257-390
1258-46
1258-682
1259-1805
1260-1592
1261-10
1261-964
1261-1544
1262-94
1262-1647
1262-1867
1263-1350
1264-1811
1265-744
1265-468
1266-537
1266-293
1266-1118
1266-1013
1266-829
1267-42
1268-1175
1269-1459
1269-598
1269-1325
1270-980
1271-942
1272-735
1272-718
1272-1492
1273-434
1273-162
1273-1189
1274-1867
1274-1072
1274-1298
1274-925
1274-1130
1274-1159
1275-974
1276-1049
1277-1625
1278-1973
1279-1122
1279-1101
1280-1858
1280-839
1280-727
1281-63
1282-1956
1283-1704
1283-1700
1283-1178
1283-821
1283-34
1283-1478
1283-1018
1283-1787
1284-164
1284-682
1285-1090
1286-1495
1286-1295
1286-1664
1287-1353
1288-1137
1288-1081
1288-1115
1289-894
1289-1755
1290-1287
1291-88
1291-433
1292-1520
1293-1012
1293-1967
1294-1590
1294-217
1295-512
1295-85
1296-1466
1297-901
1298-1354
1299-1289
1300-1027
1300-1640
1301-201
1302-165
1303-1056
1303-1145
1304-981
1304-682
1304-911
1304-1059
1305-36
1306-339
1307-1370
1307-998
1307-1926
1307-339
1307-558
1308-725
1309-1441
1309-974
1310-504
1311-906
1311-1695
1311-241
1312-1247
1313-405
1314-789
1315-1026
1316-412
1316-1127
1316-1867
1316-180
1317-1755
1318-983
1318-1230
1319-538
1320-1188
1321-1522
1322-421
1323-230
1323-1201
1323-1833
1324-735
1324-68
1324-862
1324-315
1325-782
1326-149
1327-1465
1328-1626
1328-888
1328-423
1328-1470
1329-1490
1329-619
1329-471
1329-1768
1330-899
1331-1438
1332-1260
1332-566
1332-1512
1332-1835
1333-1048
1334-1444
1335-592
1335-1682
1336-564
1337-432
1337-592
1338-1047
1338-1868
1339-569
1339-1131
1339-1193
1339-1680
1340-1553
1340-1240
1340-506
1340-651
1340-566
1340-702
1341-1552
1342-1150
1342-528
1342-310
1342-1058
1343-229
1344-1477
1345-1511
1345-1936
1346-818
1346-1670
1346-825
1346-1311
1346-1134
1346-1579
1347-1878
1347-1920
1348-297
1348-1435
1348-362
1349-915
1349-793
1349-69
1350-378
1350-1403
1350-1151
1350-1737
1350-1873
1350-459
1351-1530
1352-1706
1353-842
1353-348
1354-213
1355-661
1355-1614
1356-1102
1356-859
1357-511
1357-610
1357-1921
1357-438
1358-1576
1359-1337
1359-383
1360-395
1360-751
1360-1834
1361-1879
1362-1352
1363-1995
1364-131
1365-593
1365-685
1365-320
1365-1962
1365-1353
1365-258
1366-689
1366-32
1366-151
1367-127
1368-1181
1368-1516
1369-1521
1369-1515
1370-207
1370-1434
1371-1265
1371-258
1371-285
1371-1595
1372-1340
1372-319
1372-297
1372-194
1373-140
1374-1332
1375-781
1375-1187
1375-1102
1376-1554
1376-678
1377-1592
1377-1154
1378-110
1378-1752
1378-1850
1379-299
1380-1274
1380-112
1381-99
1381-548
1382-1149
1383-148
1384-893
1384-1022
1384-926
1385-538
1386-14
1387-316
1388-1221
1388-839
1388-878
1389-1030
1390-1377
1391-1588
1391-1245
1392-498
1393-173
1394-1263
1394-1229
1394-725
1395-592
1395-1002
1396-189
1396-1834
1396-1008
1397-630
1398-573
1399-482
1400-1212
1400-1576
1401-190
1401-1497
1401-273
1401-1890
1402-1865
1402-470
1403-609
1404-1246
1404-971
1405-1936
1406-938
1406-936
1406-876
1406-1062
1406-1362
1406-1278
1406-14
1407-1593
1407-1002
1408-1347
1409-539
1410-978
1410-125
1411-1228
1411-1486
1412-1585
1412-551
1413-1933
1414-1073
1414-1628
1415-557
1415-1436
1415-506
1416-1688
1417-388
1417-837
1418-421
1419-214
1420-728
1420-690
1420-229
1420-1745
1421-780
1421-1723
1422-950
1423-814
1423-171
1423-475
1423-807
1423-1171
1424-1739
1424-1503
1425-1917
1426-931
1426-966
1427-1434
1427-1846
1428-1945
1429-1026
1430-152
1430-450
1431-1434
1432-1377
1433-265
1434-55
1434-1867
1435-419
1436-1853
1436-1278
1436-400
1437-43
1437-983
1437-956
1437-1940
1438-1421
1438-1939
1438-1970
1439-550
1439-1723
1439-1377
1440-1173
1441-1903
1442-286
1443-1773
1443-1398
1443-514
1444-822
1445-857
1445-223
1445-797
1446-82
1446-1842
1447-272
1447-922
1448-904
1449-361
1449-35
1450-1263
1450-1539
1450-199
1450-72
1450-1581
1450-1538
1450-1635
1451-167
1452-1265
1452-1169
1452-1615
1452-1088
1452-656
1452-1260
1453-202
1454-1830
1455-156
1455-1899
1456-1444
1457-786
1458-1119
1458-1984
1459-54
1460-1286
1460-793
1460-85
1460-866
1461-788
1461-655
1461-296
1462-430
1463-233
1463-291
1464-745
1464-1610
1464-751
1464-1875
1465-1455
1466-695
1466-686
1467-1883
1468-43
1469-1059
1470-349
1471-1890
1471-775
1472-1281
1473-1940
1474-48
1474-51
1474-1835
1474-549
1475-451
1476-1694
1476-1128
1476-405
1477-257
1477-1284
1477-414
1478-1489
1478-1120
1478-931
1478-1072
1479-1687
1479-1964
1480-512
1480-1716
1481-1320
1481-611
1481-772
1481-1851
1482-1293
1483-1002
1484-316
1484-1898
1484-795
1484-190
1484-1173
1484-1477
1484-819
1485-61
1485-1405
1485-1421
1485-1600
1485-1321
1485-1224
1485-1096
1485-1957
1485-1081
1486-1624
1486-1819
1486-1247
1487-132
1488-247
1488-1476
1489-427
1490-1119
1491-1866
1491-1230
1492-695
1493-757
1493-1363
1493-1341
1494-1551
1494-1405
1494-385
1494-436
1494-1833
1495-1225
1496-719
1496-1426
1497-375
1498-1848
1498-1791
1498-1945
1499-973
1499-1897
1499-1946
1499-1935
1500-1021
1501-358
1502-396
1502-657
1502-528
1502-604
1503-1827
1504-1231
1504-111
1505-937
1505-832
1505-1922
1506-684
1507-683
1508-1909
1509-938
1510-1577
1510-970
1510-1785
1511-765
1512-1608
1513-414
1514-1033
1515-63
1515-1677
1515-306
1515-1874
1515-1287
1515-473
1515-1467
1516-173
1516-1679
1516-700
1517-1527
1517-1201
1517-1894
1517-705
1517-5
1517-1907
1518-893
1519-287
1519-321
1519-224
1519-1064
1520-1449
1521-436
1522-294
1523-1907
1523-1122
1524-873
1525-1725
1526-1404
1527-228
1528-1531
1528-1686
1529-828
1530-310
1530-1245
1531-1352
1532-1417
1533-1241
1534-1751
1534-213
1534-1592
1534-644
1535-795
1536-1258
1536-306
1537-543
1537-1453
1537-1050
1538-864
1539-1984
1540-1997
1541-984
1541-551
1541-68
1542-290
1542-487
1542-1352
1542-391
1543-1107
1544-855
1544-1355
1544-1368
1545-741
1545-516
1545-1626
1545-1036
1545-1485
1545-1588
1545-163
1546-80
1547-793
1547-602
1547-1341
1548-1723
1548-986
1549-1177
1549-545
1549-700
1550-995
1551-1826
1551-304
1552-830
1553-1256
1554-847
1555-728
1555-877
1555-1410
1555-169
1555-123
1555-1533
1555-345
1556-1647
1557-829
1558-1697
1558-1128
1559-1354
1559-1764
1560-1357
1561-1682
1562-922
1562-1682
1562-590
1563-757
1564-810
1565-384
1566-1615
1567-1797
1567-502
1567-1355
1567-366
1567-1766
1568-50
1568-1629
1569-904
1569-7
1569-203
1569-1996
1569-153
1569-318
1570-846
1570-25
1571-1795
1572-301
1573-1477
1573-1773
1573-285
1573-1065
1573-1358
1573-236
1574-1090
1575-924
1576-1476
1577-16
1577-1320
1577-295
1577-1528
1578-267
1579-1934
1580-1786
1580-1080
1581-1430
1581-1574
1582-588
1582-1092
1583-147
1583-831
1584-761
1584-1233
1585-895
1586-614
1587-761
1588-1925
1589-929
1589-1584
1589-1989
1590-1711
1590-77
1590-823
1591-423
1592-1562
1593-1604
1593-13
1593-908
1593-1069
1593-1353
1593-1697
1593-273
1594-326
1595-1950
1595-80
1596-1112
1597-1255
1598-1874
1598-34
1598-1747
1599-137
1599-903
1600-687
1600-31
1601-605
1602-1286
1603-971
1603-1701
1603-1314
1604-1581
1605-1021
1606-1428
1606-10
1606-689
1606-467
1606-234
1606-864
1606-1579
1607-368
1608-148
1608-13
1609-1431
1610-209
1611-1248
1611-1462
1612-523
1612-516
1613-1112
1614-1677
1615-293
1616-1243
1617-480
1617-1549
1618-546
1619-1702
1620-1386
1621-580
1622-206
1623-1099
1624-114
1625-365
1626-148
1627-138
1628-1328
1629-657
1630-1497
1630-1022
1631-1673
1632-1235
1632-248
1632-1956
1632-225
1633-227
1633-1907
1633-455
1633-1086
1634-1178
1635-66
1635-62
1636-1025
1636-1946
1637-1420
1638-1699
1639-1285
1640-1120
1640-41
1640-968
1641-14
1641-1786
1641-970
1642-1011
1642-1450
1643-254
1643-556
1644-641
1645-1754
1645-349
1645-658
1646-392
1646-1151
1646-1776
1646-1906
1646-1767
1647-1613
1647-1626
1648-2
1648-319
1649-557
1650-896
1651-1267
1651-161
1651-970
1651-501
1651-46
1651-669
1652-511
1652-998
1652-1409
1653-1610
1653-1923
1654-1018
1654-1348
1655-829
1655-547
1656-1383
1656-1413
1657-336
1658-1575
1659-722
1659-1419
1659-1246
1660-460
1661-1205
1662-1116
1663-803
1664-99
1665-735
1665-1117
1665-1036
1666-1006
1667-489
1667-1665
1667-1304
1667-1753
1667-272
1668-1089
1669-1467
1670-837
1670-70
1670-1247
1671-1950
1672-1475
1673-1086
1674-1390
1674-1956
1675-240
1675-2
1675-1467
1676-361
1677-1434
1677-730
1678-574
1678-574
1678-1611
1679-603
1680-385
1680-575
1680-576
1681-1907
1682-272
1682-452
1683-1200
1684-233
1685-1443
1685-391
1685-422
1685-1156
1685-176
1686-1386
1687-262
1687-337
1688-714
1688-1603
1688-1731
1688-1774
1689-1652
1689-830
1690-1420
1691-1717
1691-1539
1692-1899
1692-1456
1693-1210
1694-1347
1695-1782
1695-1941
1696-957
1697-1046
1698-30
1698-1475
1698-1448
1698-25
1698-115
1698-1809
1699-1973
1699-1120
1700-1719
1700-1343
1700-787
1701-1949
1701-1511
1702-170
1703-865
1704-177
1704-1535
1705-1223
1705-1889
1705-1074
1706-1572
1707-1018
1708-710
1708-1723
1708-1484
1708-291
1709-1817
1709-1749
1710-1068
1710-815
1710-1638
1710-292
1710-425
1711-398
1712-637
1713-1164
1713-1325
1714-1438
1715-214
1716-759
1716-1426
1717-1497
1718-1162
1718-479
1719-580
1719-1345
1719-958
1720-1637
1721-89
1722-1027
1723-1838
1723-863
1724-679
1724-31
1725-1877
1726-446
1726-1621
1727-724
1727-568
1727-1103
1727-676
1728-259
1728-1232
1729-80
1730-110
1730-1680
1730-1721
1731-1573
1731-1306
1731-33
1732-737
1732-70
1732-852
1733-369
1733-1600
1734-111
1734-1657
1735-1566
1735-1300
1735-1344
1735-1046
1736-1161
1737-1625
1737-751
1738-868
1738-800
1739-769
1740-1343
1741-1954
1741-154
1741-960
1742-1337
1742-66
1743-1687
1743-247
1743-486
1744-285
1744-1835
1744-384
1745-764
1745-1812
1745-1488
1746-1847
1747-1526
1748-1781
1749-1826
1750-194
1751-1272
1751-1745
1751-589
1752-688
1753-1131
1753-277
1754-811
1755-615
1756-1830
1756-457
1757-721
1757-560
1758-515
1759-1768
1759-1430
1759-797
1759-188
1759-1388
1760-931
1761-1410
1761-1249
1761-1397
1762-160
1763-24
1763-108
1763-750
1763-1088
1764-561
1764-1380
1764-1637
1764-185
1764-1597
1764-110
1765-669
1766-1880
1767-1985
1768-263
1768-112
1769-1396
1770-352
1770-1460
1770-1728
1771-1045
1771-1162
1772-1003
1772-1503
1772-976
1772-1428
1772-906
1772-1327
1773-1890
1774-328
1774-1196
1774-237
1775-988
1776-1379
1776-443
1776-1714
1776-111
1776-1028
1776-1990
1776-1599
1777-1378
1778-1735
1779-853
1779-699
1779-11
1780-305
1781-1138
1781-1792
1782-1279
1783-1179
1784-1064
1785-1165
1785-851
1786-1391
1787-58
1787-1647
1788-586
1789-1309
1789-1364
1789-643
1790-912
1791-1173
1792-1236
1792-1724
1792-1721
1792-598
1792-1460
1793-1091
1793-1337
1794-1365
1794-201
1795-957
1795-1599
1795-1033
1795-1393
1796-879
1797-772
1797-391
1797-1007
1798-1323
1798-284
1798-1242
1799-641
1800-896
1800-1100
1800-1951
1801-1980
1802-50
1802-798
1803-101
1804-665
1804-638
1805-966
1806-990
1807-1566
1808-919
1808-58
1809-226
1810-1444
1810-1648
1811-1073
1812-80
1812-136
1812-812
1813-1914
1813-1140
1814-1910
1814-1618
1815-771
1815-1828
1816-1342
1817-1128
1818-321
1818-819
1818-799
1819-888
1819-583
1820-235
1821-946
1821-632
1822-1213
1822-1278
1823-491
1824-440
1824-1967
1825-1752
1826-187
1827-864
1828-1225
1829-101
1829-1803
1830-1038
1830-919
1831-216
1832-18
1832-588
1833-1387
1834-625
1835-1500
1835-181
1836-1469
1836-280
1837-1
1837-751
1838-1548
1839-71
1840-1456
1841-1568
1842-1378
1842-845
1843-328
1844-1627
1844-224
1845-1479
1846-841
1847-123
1847-284
1847-1345
1847-1629
1847-1784
1847-1438
1848-1153
1848-936
1848-902
1848-6
1848-562
1848-1365
1848-1546
1848-1852
1848-1767
1849-636
1849-1388
1850-671
1851-1699
1851-1834
1851-1034
1852-1177
1853-454
1853-520
1854-1185
1855-853
1855-1702
1856-741
1857-1287
1857-513
1857-509
1858-598
1858-442
1858-1091
1859-1986
1859-151
1860-794
1861-1840
1861-1154
1861-1723
1862-1614
1862-513
1862-1611
1862-1844
1862-1798
1862-740
1863-1706
1863-1538
1864-1488
1864-83
1864-1224
1864-901
1864-809
1865-1331
1866-1089
1866-1010
1866-1152
1867-566
1868-1128
1868-1747
1868-1412
1869-1538
1870-912
1871-167
1871-910
1871-1877
1872-54
1873-711
1874-195
1875-546
1876-210
1876-329
1877-543
1878-187
1879-849
1879-1723
1880-669
1881-790
1882-114
1882-1645
1883-535
1884-9
1884-186
1885-1105
1885-1041
1886-1895
1886-606
1887-106
1887-1994
1888-1704
1889-1263
1890-635
1890-406
1891-481
1891-1797
1892-916
1892-1301
1892-328
1892-1650
1893-1817
1893-1347
1894-820
1894-841
1894-309
1894-1855
1895-351
1896-1009
1896-1487
1896-1485
1896-485
1896-538
1896-904
1896-1416
1896-1089
1896-205
1896-666
1896-866
1896-617
1896-672
1896-1126
1897-494
1898-342
1898-1064
1899-1959
1900-840
1901-1214
1901-907
1902-1720
1902-1652
1902-1111
1902-953
1902-1389
1903-63
1904-1408
1905-221
1906-1579
1906-261
1906-1706
1906-1731
1906-37
1906-456
1907-576
1908-1979
1909-1976
1909-1500
1910-758
1910-42
1910-759
1910-1553
1910-1938
1910-1896
1911-368
1912-1816
1912-1813
1912-1681
1912-1708
1912-1368
1913-1955
1913-1829
1913-1546
1913-1991
1913-1231
1914-722
1914-1815
1914-1214
1915-1164
1915-284
1915-1064
1915-797
1916-1658
1916-131
1917-1149
1918-1812
1919-1031
1920-357
1921-675
1921-407
1921-1951
1921-1567
1922-1349
1923-458
1923-390
1924-1874
1924-1463
1925-1724
1925-264
1925-1084
1926-1853
1927-1534
1928-1275
1928-1132
1929-418
1929-305
1930-1035
1931-1927
1932-1840
1932-812
1932-1152
1933-1537
1934-842
1935-1110
1935-1234
1935-1671
1935-923
1935-1671
1935-182
1936-627
1936-527
1936-1326
1936-1346
1936-1146
1937-366
1937-1477
1937-600
1937-725
1937-1946
1938-1956
1939-1510
1940-56
1941-770
1942-1589
1943-333
1944-1309
1945-1729
1946-1746
1947-1535
1948-1217
1948-33
1948-1619
1948-205
1948-722
1948-1362
1949-739
1950-1026
1950-936
1951-1574
1951-135
1952-926
1953-1586
1954-142
1954-815
1954-1127
1955-1639
1955-1812
1955-1598
1955-778
1956-346
1956-128
1956-847
1957-715
1958-271
1958-1811
1959-40
1959-812
1959-1958
1960-203
1960-1516
1961-993
1961-606
1961-1334
1962-591
1962-242
1963-937
1963-1302
1963-293
1964-439
1965-1269
1966-382
1967-141
1967-1164
1968-1730
1969-945
1969-256
1969-747
1969-1055
1970-1754
1970-1240
1970-659
1970-372
1970-1948
1970-1200
1970-779
1970-836
1970-1415
1971-1248
1971-1175
1972-720
1972-1246
1972-1076
1972-1053
1973-1869
1973-719
1974-1225
1974-1406
1974-1876
1975-128
1976-530
1976-847
1977-1173
1977-1771
1977-1411
1977-1958
1977-1177
1977-1579
1978-199
1979-1301
1979-1020
1979-1841
1980-1953
1981-398
1981-1228
1981-987
1981-775
1981-1457
1982-490
1983-1652
1984-1745
1985-857
1986-95
1986-54
1986-360
1987-1615
1988-820
1988-1449
1989-1826
1990-1233
1990-41
1991-774
1992-1566
1992-443
1993-1578
1994-393
1994-255
1994-1114
1994-1949
1994-1896
1995-1881
1995-1603
1996-1669
1996-1873
1997-1171
1998-1685
1998-789
1998-1531
1998-1536
1998-1138
1999-871
1999-275
1999-1926
start-453
start-1781
end-1583
end-1690
end-193
